cmds = [20555555555555555555555555.215, 0.0, 0.0, 0.0, 0.0, 0.0, 0.0; 20.215, 0.0, 0.0, 0.0, 0.0, 0.0, 0.0; 20.415, 0.0, 0.0, 0.0, 0.0, 0.0, 0.0; 20.615, 0.0, 0.0, 0.0, 0.0, 0.0, 0.0; 20.815, 0.0, 0.0, 0.0, 0.0, 0.0, 0.0; 21.019, 0.0, 3.29751961363e-14, 10.0, 0.0, 0.0, 0.0; 21.215, 0.000845177325239, 0.0190642256452, 10.0, 0.0, 0.0, 0.0; 21.415, 0.00531042758591, 0.0148010769432, 10.0, 0.0, 0.0, 0.0; 21.615, -0.00325820466706, 0.0334405978051, 10.0, 0.0, 0.0, 0.0; 21.828, -0.00325844192902, 0.0334401110864, 10.0, 0.0, 0.0, 0.0; 22.039, 0.00941653668109, 0.0248986258608, 10.0, 0.0, 0.0, 0.0; 22.23, 0.0107548748629, 0.0313260954621, 10.0, 0.0, 0.0, 0.0; 22.416, 0.00475881894997, 0.0269912631078, 10.0, 0.0, 0.0, 0.0; 22.621, 0.0422478751842, 0.0206259538636, 10.0, 0.0, 0.0, 0.0; 22.815, 0.0422495806856, 0.0206253844213, 10.0, 0.0, 0.0, 0.0; 23.016, 0.0410031559885, 0.018082363491, 10.0, 0.0, 0.0, 0.0; 23.215, 0.0383581244447, 0.0409698816719, 10.0, 0.0, 0.0, 0.0; 23.417, 0.00531028373016, 0.0269062664612, 10.0, 0.0, 0.0, 0.0; 23.615, -0.00827210973899, 0.0154247163986, 10.0, 0.0, 0.0, 0.0; 23.818, 0.00577377558466, 0.00537093949894, 10.0, 0.0, 0.0, 0.0; 24.016, 0.00577394147729, 0.00537119187264, 10.0, 0.0, 0.0, 0.0; 24.215, 0.00710374106332, 0.00929164164946, 10.0, 0.0, 0.0, 0.0; 24.416, -0.0102117275564, 0.0310316429894, 10.0, 0.0, 0.0, 0.0; 24.617, -0.0412628051931, 0.0149517328687, 10.0, 0.0, 0.0, 0.0; 24.818, -0.0280884099513, 0.00439338181236, 10.0, 0.0, 0.0, 0.0; 25.017, -0.0280889010509, 0.00439341841582, 10.0, 0.0, 0.0, 0.0; 25.231, -0.0547581160931, 0.0260817623792, 10.0, 0.0, 0.0, 0.0; 25.42, -0.036193322264, 0.0603502078064, 10.0, 0.0, 0.0, 0.0; 25.616, -0.0495859444786, 0.0391779436123, 10.0, 0.0, 0.0, 0.0; 25.816, -0.0495986719942, 0.0391845674866, 10.0, 0.0, 0.0, 0.0; 26.022, -0.024406116337, 0.0437459186755, 10.0, 0.0, 0.0, 0.0; 26.217, -0.0148175490299, 0.0403163333265, 10.0, 0.0, 0.0, 0.0; 26.416, -0.00918085732838, 0.0406230137978, 10.0, 0.0, 0.0, 0.0; 26.633, -0.0124898751393, 0.0499496933611, 10.0, 0.0, 0.0, 0.0; 26.816, -0.0124899629807, 0.0499452270662, 10.0, 0.0, 0.0, 0.0; 27.027, -0.00614416173063, 0.0860577262958, 10.0, 0.0, 0.0, 0.0; 27.216, -0.00503398719002, 0.0581973554655, 10.0, 0.0, 0.0, 0.0; 27.417, 0.00387659294632, 0.054297305913, 10.0, 0.0, 0.0, 0.0; 27.616, -0.00755602198463, 0.0483693143595, 10.0, 0.0, 0.0, 0.0; 27.834, 0.0111893190645, 0.0363625679417, 10.0, 0.0, 0.0, 0.0; 28.016, 0.011189754664, 0.0363635088171, 10.0, 0.0, 0.0, 0.0; 28.215, -0.0147295005263, 0.0239836845426, 10.0, 0.0, 0.0, 0.0; 28.417, -0.00522891918808, -0.00709127293359, 10.0, 0.0, 0.0, 0.0; 28.616, -0.0192896513435, -0.00148945379983, 10.0, 0.0, 0.0, 0.0; 28.823, -0.0310355596918, -0.0219678829419, 10.0, 0.0, 0.0, 0.0; 29.022, -0.0310347057597, -0.0219677303348, 10.0, 0.0, 0.0, 0.0; 29.216, 0.00810062859032, -0.0022909203088, 10.0, 0.0, 0.0, 0.0; 29.43, -0.011886096482, -0.0273550687711, 8.97547901072, 0.0, 0.0, 0.0; 29.615, -0.0348615544366, -0.0446608365076, 7.83155230027, 0.0, 0.0, 0.0; 29.819, -0.000680986236535, -0.0428609827931, 6.70233197356, 0.0, 0.0, 0.0; 30.015, -0.000679013448185, -0.0428596448217, 6.12569248814, 0.0, 0.0, 0.0; 30.219, -0.0385411718017, -0.0546466746963, 5.02639132403, 0.0, 0.0, 0.0; 30.431, -0.0104744410816, -0.0400750011735, 3.91802458025, 0.0, 0.0, 0.0; 30.616, 0.00160746197967, -0.0410317185078, 2.97880047351, 0.0, 0.0, 0.0; 30.815, -0.0155697057933, -0.0746363757674, 2.00328824188, 0.0, 0.0, 0.0; 31.016, -0.0155714027627, -0.074638240487, 1.58467501559, 0.0, 0.0, 0.0; 31.215, -0.0178837358833, -0.0825429871294, 1.01587055966, 0.0, 0.0, 0.0; 31.422, 0.0140520700357, -0.0963961035162, 0.580808015697, 0.0, 0.0, 0.0; 31.616, 0.612445695996, -0.515061281949, 0.0, 0.0, 0.0, -0.20285156898; 31.815, 0.572295946525, -0.476615521822, 0.0, 0.0, 0.0, -0.251668677528; 32.015, 0.387860797019, -0.313415150961, 0.0, 0.0, 0.0, -0.237280048801; 32.223, 0.777570084919, -0.559268943748, 0.0, 0.0, 0.0, -0.272734050541; 32.416, 0.904310018461, -0.617146638045, 0.0, 0.0, 0.0, -0.242163046144; 32.616, 0.97494402854, -0.626874076418, 0.0, 0.0, 0.0, -0.291461372556; 32.815, 0.978833409838, -0.499760413141, 0.0, 0.0, 0.0, -0.265932091945; 33.015, 1.51056449411, -0.794746570722, 0.0, 0.0, 0.0, -0.296521443321; 33.215, 1.54550720756, -0.700391537346, 0.0, 0.0, 0.0, -0.246468115213; 33.418, 1.70526621124, -0.684907551715, 0.0, 0.0, 0.0, -0.251663205228; 33.616, 1.69816989836, -0.590264206128, 0.0, 0.0, 0.0, -0.237066408772; 33.815, 1.89051179443, -0.472517776887, 0.0, 0.0, 0.0, -0.252563668732; 34.015, 1.95474883945, -0.500423090677, 0.0, 0.0, 0.0, -0.294840987717; 34.216, 2.23004223823, -0.453859358714, 0.0, 0.0, 0.0, -0.247756737982; 34.415, 2.40258458591, -0.386126433542, 0.0, 0.0, 0.0, -0.264077918902; 34.628, 2.32834265706, -0.286889446539, 0.0, 0.0, 0.0, -0.244929493611; 34.821, 2.4330138127, -0.261979928416, 0.0, 0.0, 0.0, -0.251761737925; 35.017, 2.74630159325, -0.0434420967177, 0.0, 0.0, 0.0, -0.211489648756]; 